"Anwarewen",86,0,0,0,0,0,""
72,57,70,76,5,15
15,85,20,1
"Capernicus",106,40,0,0,0,0,""
141,58,82,72,1,0
16,55,40,1
"Dolwin",172,0,0,0,0,0,"0"
175,13,146,70,1,35
20,85,35,1
"Ingwe",83,0,0,0,0,0,""
55,16,20,16,1,35
15,70,20,1
"Morn",215,0,0,0,0,0,""
145,41,80,72,20,35
15,70,5,1
"Stave",999,0,0,0,0,0,""
0,13,0,20,20,0
20,60,15,1
"Rurin",220,0,0,0,0,0,""
180,51,125,57,20,0
21,35,10,2
"Wight",160,0,0,0,0,0,""
110,20,80,1,16,0
15,30,10,1
"Wight 2",160,0,0,0,0,0,""
110,20,80,1,16,0
15,30,10,1
"Wight 3",160,0,0,0,0,0,""
110,20,80,78,16,0
15,30,5,1
"Wight 4",160,0,0,0,0,0,""
110,20,80,90,16,0
15,30,10,2
"",0,0,0,0,0,0,""
0,0,0,90,0,0
0,0,10,2
"",0,0,0,0,0,0,""
0,0,0,90,0,0
0,0,10,2
"",0,0,0,0,0,0,""
0,0,0,90,0,0
0,0,10,2
"",0,0,0,0,0,0,""
0,0,0,0,0,0
0,0,0,0
"",0,0,0,0,0,0,""
0,0,0,0,0,0
0,0,0,0
"",0,0,0,0,0,0,""
0,0,0,0,0,0
0,0,0,0
"",0,0,0,0,0,0,""
0,0,0,0,0,0
0,0,0,0
"",0,0,0,0,0,0,""
0,0,0,0,0,0
0,0,0,0
"",0,0,0,0,0,0,""
0,0,0,0,0,0
0,0,0,0
"",0,0,0,0,0,0,""
0,0,0,0,0,0
0,0,0,0
"",0,0,0,0,0,0,""
0,0,0,0,0,0
0,0,0,0
"",0,0,0,0,0,0,""
0,0,0,0,0,0
0,0,0,0
"",0,0,0,0,0,0,""
0,0,0,0,0,0
0,0,0,0
"",0,0,0,0,0,0,""
0,0,0,0,0,0
0,0,0,0
0
0
0
0
0
0
0
47
500
0
0
0
0
0
61
533.5
50
0
0
0
0
0
0
0
0
0
0
0
0
100
50
0
0
0
0
12
