"Beornas",151,0,0,0,0,0,""
116,33,154,70,1,45
14,85,45,1
"Dolwin",169,17,0,0,0,0,""
172,13,144,70,1,35
18,70,35,1
"Gularan",58,0,0,0,0,0,""
25,27,40,76,1,25
13,50,20,1
"Vergorion",172,0,0,0,0,0,""
137,13,89,76,20,45
14,70,5,1
"Capernicus",106,0,0,0,0,0,""
129,58,72,72,1,0
12,55,40,1
"Morn",205,16,2,0,15,0,""
137,41,74,72,20,40
13,75,5,1
"Ama'un",70,0,0,0,0,0,""
129,27,87,16,1,0
12,20,25,1
"Nariel",123,0,0,0,0,0,""
119,13,150,70,17,25
11,50,10,1
"Spear",95,85,0,0,5,2,""
95,26,95,72,11,0
6,20,15,1
"Redcloak",95,100,0,0,0,2,""
95,26,95,72,11,0
6,20,15,1
"Lionskin",95,46,0,0,0,2,""
95,26,95,72,11,0
6,20,15,1
"Gorilla",95,115,2,0,0,2,""
95,26,95,72,11,0
6,20,15,1
"Spike",95,36,0,0,0,2,""
95,26,95,72,11,0
6,20,15,1
"Plume",95,0,0,0,0,0,""
95,26,95,72,11,0
6,20,15,1
"Purple Hair",95,102,1,0,0,2,""
95,26,95,72,11,0
6,20,15,1
"Halberd",95,0,0,0,0,0,""
95,26,95,72,11,0
6,20,15,1
"Straight Stick",95,0,0,0,0,0,""
95,26,95,72,11,0
6,20,15,1
"",0,0,0,0,0,0,""
0,0,0,0,0,0
0,0,0,0
"",0,0,0,0,0,0,""
0,0,0,0,0,0
0,0,0,0
"",0,0,0,0,0,0,""
0,0,0,0,0,0
0,0,0,0
"",0,0,0,0,0,0,""
0,0,0,0,0,0
0,0,0,0
"",0,0,0,0,0,0,""
0,0,0,0,0,0
0,0,0,0
"",0,0,0,0,0,0,""
0,0,0,0,0,0
0,0,0,0
"",0,0,0,0,0,0,""
0,0,0,0,0,0
0,0,0,0
"",0,0,0,0,0,0,""
0,0,0,0,0,0
0,0,0,0
0
0
0
0
0
0
0
8
785
50
0
0
0
0
27
630
0
100
160
0
350
0
0
0
0
0
0
0
104
1000
0
100
0
0
0
14
932.5
350
0
110
0
0
0
190
0
100
0
0
0
0
0
0
0
0
0
0
18
