"Beornas",151,0,0,0,0,0,""
116,33,154,70,1,45
14,85,45,1
"Dolwin",169,0,0,0,0,0,""
172,13,144,70,1,35
18,70,35,1
"Gularan",58,0,0,0,0,0,""
25,27,40,76,1,25
15,50,20,1
"Vergorion",172,0,0,0,0,0,""
137,13,89,76,20,45
15,70,5,1
"Capernicus",106,0,0,0,0,0,""
129,58,72,72,1,0
12,55,40,1
"Morn",205,0,0,0,0,0,""
139,35,74,72,13,25
13,55,5,1
"Ama'un",70,0,0,0,0,0,""
129,27,87,16,1,0
12,20,25,1
"Nariel",123,0,0,0,0,0,""
119,13,150,70,17,25
11,50,10,1
"Sorcerer",122,64,0,0,0,2,""
50,57,20,16,1,0
16,30,10,1
"Hoerk",155,17,0,0,0,2,""
160,35,140,76,19,25
0,30,10,1
"Hoerk 2",155,0,0,0,0,0,""
160,35,140,76,19,25
0,30,10,1
"Hoerk 3",155,36,3,0,0,2,""
160,35,140,76,19,25
0,30,10,1
"Hoerk 4",155,18,2,0,0,0,""
160,35,140,76,19,25
0,30,10,1
"Hoerk 5",155,0,0,0,0,0,""
160,35,140,76,19,25
0,30,10,1
"Hoerk 6",155,0,0,0,0,0,""
160,35,140,76,19,25
0,30,10,1
"Hoerk 7",155,0,0,0,0,0,""
160,35,140,76,19,25
15,30,10,1
"Hoerk 8",155,0,0,0,0,0,""
160,35,140,76,19,25
15,30,10,1
"",0,0,0,0,0,0,""
0,0,0,16,0,0
0,0,5,1
"",0,0,0,0,0,0,""
0,0,0,0,0,0
0,0,0,0
"",0,0,0,0,0,0,""
0,0,0,0,0,0
0,0,0,0
"",0,0,0,0,0,0,""
0,0,0,0,0,0
0,0,0,0
"",0,0,0,0,0,0,""
0,0,0,0,0,0
0,0,0,0
"",0,0,0,0,0,0,""
0,0,0,0,0,0
0,0,0,0
"",0,0,0,0,0,0,""
0,0,0,0,0,0
0,0,0,0
"",0,0,0,0,0,0,""
0,0,0,0,0,0
0,0,0,0
0
0
0
0
0
0
0
28
827.5
410
0
20
0
1400
0
0
0
0
0
0
0
0
0
0
0
0
0
0
0
352.5
135
100
0
0
3100
16
487.5
690
200
140
0
2850
0
0
0
0
0
0
0
0
0
0
0
0
0
0
18
