"Beornas",151,0,0,0,0,0,""
116,33,154,70,1,45
14,85,45,1
"Dolwin",301,121,0,0,75,0,""
175,13,146,70,1,35
19,70,35,1
"Gularan",58,0,0,0,0,0,""
25,27,40,76,1,25
15,50,20,1
"Vergorion",172,0,0,0,0,0,""
137,13,89,76,20,45
15,70,5,1
"Capernicus",106,35,0,0,0,0,""
129,58,72,72,1,0
12,55,40,1
"Morn",359,0,0,0,0,0,""
137,41,74,72,20,40
13,70,5,1
"Ama'un",70,0,0,0,0,0,""
129,27,87,16,1,0
12,20,25,1
"Anwarewen",68,15,0,0,0,0,""
65,57,60,76,5,15
12,55,20,1
"Ingwe",76,21,0,0,25,0,""
30,16,20,16,1,25
12,65,20,1
"Aamumeren Isä",360,0,0,0,0,0,""
90,90,0,0,20,0
35,90,40,2
"Imp",70,0,0,0,0,0,""
60,82,50,90,12,0
6,40,60,1
"",0,0,0,0,0,0,""
0,0,0,90,0,0
0,0,5,2
"",0,0,0,0,0,0,""
0,0,0,90,0,0
0,0,5,2
"",0,0,0,0,0,0,""
0,0,0,90,0,0
0,0,5,2
"",0,0,0,0,0,0,""
0,0,0,16,0,0
0,0,10,1
"",0,0,0,0,0,0,""
0,0,0,0,0,0
0,0,0,0
"",0,0,0,0,0,0,""
0,0,0,0,0,0
0,0,0,0
"",0,0,0,0,0,0,""
0,0,0,0,0,0
0,0,0,0
"",0,0,0,0,0,0,""
0,0,0,0,0,0
0,0,0,0
"",0,0,0,0,0,0,""
0,0,0,0,0,0
0,0,0,0
"",0,0,0,0,0,0,""
0,0,0,0,0,0
0,0,0,0
"",0,0,0,0,0,0,""
0,0,0,0,0,0
0,0,0,0
"",0,0,0,0,0,0,""
0,0,0,0,0,0
0,0,0,0
"",0,0,0,0,0,0,""
0,0,0,0,0,0
0,0,0,0
"",0,0,0,0,0,0,""
0,0,0,0,0,0
0,0,0,0
0
0
0
0
0
0
0
122
2033
150
0
80
864
500
0
0
0
0
0
0
0
0
0
0
0
0
0
0
20
1437.5
100
0
0
864
1650
52
2287.5
150
350
0
864
1150
0
0
0
0
0
0
0
0
0
300
0
190
864
2100
23
400
475
350
230
864
1300
12
