"Beornas",151,0,0,0,0,0,""
116,33,154,70,1,45
14,85,45,1
"Dolwin",172,48,0,0,40,0,""
175,13,146,70,1,35
19,70,35,1
"Gularan",58,0,0,0,0,0,""
25,27,40,76,1,25
15,50,20,1
"Vergorion",172,0,0,0,0,0,""
137,13,89,76,20,45
15,70,5,1
"Capernicus",106,19,0,0,0,0,""
129,58,72,72,1,0
12,55,40,1
"Morn",205,5,0,0,0,0,""
137,41,74,72,20,40
13,70,5,1
"Ama'un",70,0,0,0,0,0,""
129,27,87,16,1,0
12,20,25,1
"Anwarewen",68,0,0,0,0,0,""
65,57,60,76,5,15
12,55,20,1
"Ingwe",76,0,0,0,0,0,""
30,16,20,16,1,25
12,65,20,1
"Troll",150,166,0,0,0,2,""
150,45,100,90,12,0
14,35,5,2
"Troll 2",150,191,0,0,0,2,""
150,45,100,90,12,0
14,35,5,2
"Troll 3",150,171,0,2,0,2,""
150,45,100,90,12,0
14,35,5,2
"Troll 4",150,183,0,0,5,2,""
150,45,100,90,12,0
14,35,5,2
"Troll hallucination",150,121,0,0,0,0,""
0,45,0,90,12,0
14,35,5,2
"",0,0,0,0,0,0,""
0,0,0,0,0,0
0,0,0,0
"",0,0,0,0,0,0,""
0,0,0,0,0,0
0,0,0,0
"",0,0,0,0,0,0,""
0,0,0,0,0,0
0,0,0,0
"",0,0,0,0,0,0,""
0,0,0,0,0,0
0,0,0,0
"",0,0,0,0,0,0,""
0,0,0,0,0,0
0,0,0,0
"",0,0,0,0,0,0,""
0,0,0,0,0,0
0,0,0,0
"",0,0,0,0,0,0,""
0,0,0,0,0,0
0,0,0,0
"",0,0,0,0,0,0,""
0,0,0,0,0,0
0,0,0,0
"",0,0,0,0,0,0,""
0,0,0,0,0,0
0,0,0,0
"",0,0,0,0,0,0,""
0,0,0,0,0,0
0,0,0,0
"",0,0,0,0,0,0,""
0,0,0,0,0,0
0,0,0,0
0
0
0
0
0
0
0
36
820.5
50
0
0
0
0
0
0
0
0
0
0
0
0
0
0
0
0
0
0
19
1095
50
0
0
0
0
5
810
150
0
0
0
0
0
0
0
0
0
0
0
0
0
0
0
10
0
0
0
0
0
0
50
0
0
15
